mean_fit_time,std_fit_time,mean_score_time,std_score_time,param_max_depth,param_p_xo,param_pop_size,param_tournament_size,params,split0_test_score,split1_test_score,split2_test_score,split3_test_score,split4_test_score,mean_test_score,std_test_score,rank_test_score
0.03963465690612793,0.025346972402210174,0.0005993843078613281,0.0011987686157226562,4,0.7,20,3,"{'max_depth': 4, 'p_xo': 0.7, 'pop_size': 20, 'tournament_size': 3}",-18.152069091796875,-11.144634246826172,-8.675554275512695,-13.28889274597168,-11.542840957641602,-12.560798263549804,3.1600414394635097,10
0.021798992156982423,0.0029166006726969265,0.000200653076171875,0.00040130615234375007,4,0.7,20,5,"{'max_depth': 4, 'p_xo': 0.7, 'pop_size': 20, 'tournament_size': 5}",-18.152069091796875,-10.671106338500977,-11.648859977722168,-13.36189079284668,-9.719741821289062,-12.710733604431152,2.9754268399656603,12
0.052871990203857425,0.007573424820332814,0.00029621124267578127,0.0005924224853515625,4,0.7,50,3,"{'max_depth': 4, 'p_xo': 0.7, 'pop_size': 50, 'tournament_size': 3}",-17.57157325744629,-10.027924537658691,-11.664850234985352,-12.318075180053711,-9.59119987487793,-12.234724617004394,2.8520815973973717,8
0.05555253028869629,0.012138933846455093,0.0,0.0,4,0.7,50,5,"{'max_depth': 4, 'p_xo': 0.7, 'pop_size': 50, 'tournament_size': 5}",-17.59652328491211,-10.487723350524902,-10.744235038757324,-12.775938987731934,-9.981539726257324,-12.317192077636719,2.8056446068516303,9
0.025606250762939452,0.007477720589453787,0.00040192604064941405,0.0004922656387685213,4,0.9,20,3,"{'max_depth': 4, 'p_xo': 0.9, 'pop_size': 20, 'tournament_size': 3}",-16.512502670288086,-11.677115440368652,-12.440316200256348,-14.283214569091797,-10.550725936889648,-13.092774963378906,2.0977841461881725,13
0.027493715286254883,0.005495578037603241,0.00035552978515625,0.000442145860684712,4,0.9,20,5,"{'max_depth': 4, 'p_xo': 0.9, 'pop_size': 20, 'tournament_size': 5}",-16.51165199279785,-10.085182189941406,-8.675554275512695,-13.28889274597168,-11.542840957641602,-12.020824432373047,2.7181442544723966,2
0.05542116165161133,0.00875842080704336,0.00022187232971191407,0.00044374465942382814,4,0.9,50,3,"{'max_depth': 4, 'p_xo': 0.9, 'pop_size': 50, 'tournament_size': 3}",-16.512502670288086,-11.677115440368652,-12.440316200256348,-13.28889274597168,-12.575273513793945,-13.298820114135742,1.686317219640893,15
0.06933984756469727,0.006841246439506043,8.006095886230469e-05,0.00016012191772460938,4,0.9,50,5,"{'max_depth': 4, 'p_xo': 0.9, 'pop_size': 50, 'tournament_size': 5}",-16.502153396606445,-9.551770210266113,-11.878498077392578,-12.775938987731934,-9.455000877380371,-12.032672309875489,2.582701743321006,5
0.026917314529418944,0.005952299242736433,0.0001995086669921875,0.000399017333984375,6,0.7,20,3,"{'max_depth': 6, 'p_xo': 0.7, 'pop_size': 20, 'tournament_size': 3}",-18.152069091796875,-11.144634246826172,-8.65549087524414,-13.338383674621582,-11.57197380065918,-12.57251033782959,3.1654694066039313,11
0.025656843185424806,0.00559800161698974,0.0,0.0,6,0.7,20,5,"{'max_depth': 6, 'p_xo': 0.7, 'pop_size': 20, 'tournament_size': 5}",-18.152069091796875,-9.884932518005371,-11.088387489318848,-12.62505054473877,-9.162468910217285,-12.18258171081543,3.207119966468488,7
0.05255908966064453,0.004827355925189022,0.0001877307891845703,0.0003754615783691406,6,0.7,50,3,"{'max_depth': 6, 'p_xo': 0.7, 'pop_size': 50, 'tournament_size': 3}",-16.502153396606445,-10.027924537658691,-11.664850234985352,-12.318075180053711,-9.59119987487793,-12.020840644836426,2.456506071692123,4
0.07982568740844727,0.009818508215382809,0.00040869712829589845,0.0005005833761512799,6,0.7,50,5,"{'max_depth': 6, 'p_xo': 0.7, 'pop_size': 50, 'tournament_size': 5}",-15.922741889953613,-10.487723350524902,-10.744235038757324,-12.775938987731934,-9.59119987487793,-11.904367828369141,2.2632057808270853,1
0.03564810752868652,0.006555877831844517,0.0003148555755615234,0.0004083773732169132,6,0.9,20,3,"{'max_depth': 6, 'p_xo': 0.9, 'pop_size': 20, 'tournament_size': 3}",-16.512502670288086,-11.677115440368652,-12.440316200256348,-14.283214569091797,-10.550725936889648,-13.092774963378906,2.0977841461881725,13
0.027596092224121092,0.0037353014229213506,0.00107269287109375,0.0016899078169443874,6,0.9,20,5,"{'max_depth': 6, 'p_xo': 0.9, 'pop_size': 20, 'tournament_size': 5}",-16.51165199279785,-10.085182189941406,-8.675554275512695,-13.28889274597168,-11.542840957641602,-12.020824432373047,2.7181442544723966,2
0.05162315368652344,0.006260561850760031,0.0002106189727783203,0.0004212379455566406,6,0.9,50,3,"{'max_depth': 6, 'p_xo': 0.9, 'pop_size': 50, 'tournament_size': 3}",-16.512502670288086,-11.677115440368652,-12.440316200256348,-13.28889274597168,-12.575273513793945,-13.298820114135742,1.686317219640893,15
0.059563398361206055,0.009085485070736553,0.0003995418548583984,0.0004893368434523157,6,0.9,50,5,"{'max_depth': 6, 'p_xo': 0.9, 'pop_size': 50, 'tournament_size': 5}",-16.502153396606445,-9.551770210266113,-11.878498077392578,-12.775938987731934,-9.455000877380371,-12.032672309875489,2.582701743321006,5
